[Walking Config]
x_offset                 =    0.000000
y_offset                 =  110.000000
z_offset                 =   60.000000
roll_offset              =    0.000000
pitch_offset             =    0.000000
yaw_offset               =    0.000000
hip_pitch_offset         =    8.000000
period_time              = 2050.000000
dsp_ratio                =    0.250000
step_forward_back_ratio  =    0.320000
foot_height              =    0.000000
swing_right_left         =    0.000000
swing_top_down           =   14.000000
pelvis_offset            =    0.000000
arm_swing_gain           =    0.500000
balance_knee_gain        =    0.300000
balance_ankle_pitch_gain =    0.900000
balance_hip_roll_gain    =    0.500000
balance_ankle_roll_gain  =    1.000000
p_gain                   =    64
i_gain                   =     0
d_gain                   =     0

[Robot Config]
time_step                   = 8.0;
camera_width                = 320.0;
camera_height               = 240.0;

[Offset]
ID_01  =     0;
ID_02  =     0;
ID_03  =  5000;
ID_04  = -5000;
ID_05  =     0;
ID_06  =     0;
ID_07  =     0;
ID_08  =     0;
ID_09  =     0;
ID_10  =     0;
ID_11  =     0;
ID_12  =     0;
ID_13  =     0;
ID_14  =     0;
ID_15  =  1100;
ID_16  = -1460;
ID_17  = -1380;
ID_18  = -1630;
ID_19  =  -300;
ID_20  =   500;
ID_21  =  2560;
ID_22  = -1070;
ID_23  =  -409;
ID_24  =  -222;
ID_25  =  -730;
ID_26  =  -670;
ID_27  =     0;
ID_28  =     0;
ID_29  =     0;
ID_30  =     0;
ID_31  =     0;
ID_32  =     0;
ID_33  =     0;
ID_34  =     0;
ID_35  =     0;

[Right Leg FT Sensor]
c00 = -17.58726087
c01 = 2.862495136
c02 = 72.47124518
c03 = -572.1905501
c04 = -137.501991
c05 = 579.6660841
c10 = -43.6278751
c11 = 680.2963926
c12 = 36.9166943
c13 = -321.8118551
c14 = 76.20995953
c15 = -339.6674833
c20 = 909.0217452
c21 = 40.32971767
c22 = 966.5665832
c23 = 36.56958695
c24 = 903.3278882
c25 = 55.75072623
c30 = -0.606134945
c31 = 9.760197509
c32 = -19.52983969
c33 = -5.367851785
c34 = 20.50381105
c35 = -3.712027
c40 = 22.95412835
c41 = 1.04231606
c42 = -12.37184692
c43 = 7.756497574
c44 = -9.834291952
c45 = -9.06925662
c50 = 0.779724731
c51 = -10.36390078
c52 = 0.615610502
c53 = -9.954750945
c54 = 2.629862112
c55 = -10.27711385
CalibrationMatrixGain = 1.0;
UnlodedVoltageOutput0 = 1.671841553;
UnlodedVoltageOutput1 = 1.803470947;
UnlodedVoltageOutput2 = 1.513246582;
UnlodedVoltageOutput3 = 1.694609619;
UnlodedVoltageOutput4 = 1.567411377;
UnlodedVoltageOutput5 = 1.713752197;

[Left Leg FT Sensor]
c00 = 2.240558709
c01 = 3.218986556
c02 = -69.63029032
c03 = -582.5076037
c04 = 26.58950702
c05 = 592.2642631
c10 = 10.19864992
c11 = 736.6781729
c12 = -94.62276354
c13 = -349.9217562
c14 = 165.6883843
c15 = -334.6196962
c20 = 955.5783269
c21 = 120.5262766
c22 = 798.0196977
c23 = 40.30872771
c24 = 983.9666329
c25 = 40.46231492
c30 = 0.348217982
c31 = 10.65672779
c32 = -21.00813819
c33 = -6.199051297
c34 = 21.90201602
c35 = -3.792932745
c40 = 22.44021204
c41 = 2.904536952
c42 = -11.9208663
c43 = 7.302663208
c44 = -9.480898963
c45 = -9.066890511
c50 = -2.926029219
c51 = -11.49809674
c52 = 2.524328393
c53 = -9.949251456
c54 = -0.455788551
c55 = -10.14491817
CalibrationMatrixGain = 1.0;
UnlodedVoltageOutput0 = 1.4462;
UnlodedVoltageOutput1 = 1.7402;
UnlodedVoltageOutput2 = 1.5227;
UnlodedVoltageOutput3 = 1.7016;
UnlodedVoltageOutput4 = 1.3696;
UnlodedVoltageOutput5 = 1.5630;