#VRML V2.0 utf8

PROTO utorso []
 {
  Transform {
    scale 1 1 1    
    translation 0 0 0    
    children [
      Shape {
        geometry IndexedFaceSet {
          coord Coordinate {
            point [
              0.094604000449181               -0.086487002670765               0.048886001110077 ,              0.096008002758026             
              -0.086487002670765               0.043880999088287 ,              0.094604000449181               0.086791999638081             
              0.048886001110077 ,              0.096008002758026               0.086791999638081               0.043880999088287 ,            
              0.091003000736237               -0.086487002670765               0.052487000823021 ,              0.091003000736237             
              0.086791999638081               0.052487000823021 ,              0.086121000349522               -0.086487002670765             
              0.053890999406576 ,              0.086121000349522               0.086791999638081               0.053890999406576 ,            
              0.081115998327732               -0.086487002670765               0.052487000823021 ,              0.081115998327732             
              0.086791999638081               0.052487000823021 ,              0.077514998614788               -0.086487002670765             
              0.048886001110077 ,              0.077514998614788               0.086791999638081               0.048886001110077 ,            
              0.076201997697353               -0.086487002670765               0.043880999088287 ,              0.076201997697353             
              0.086791999638081               0.043880999088287 ,              0.077514998614788               -0.086487002670765             
              0.038998000323772 ,              0.077514998614788               0.086791999638081               0.038998000323772 ,            
              0.081115998327732               -0.086487002670765               0.035397000610828 ,              0.081115998327732             
              0.086791999638081               0.035397000610828 ,              0.086121000349522               -0.086487002670765             
              0.033992998301983 ,              0.086121000349522               0.086791999638081               0.033992998301983 ,            
              0.091003000736237               -0.086487002670765               0.035397000610828 ,              0.091003000736237             
              0.086791999638081               0.035397000610828 ,              0.094604000449181               -0.086487002670765             
              0.038998000323772 ,              0.094604000449181               0.086791999638081               0.038998000323772 ,            
              0.093902997672558               0.086791999638081               0.048519998788834 ,              0.095123000442982             
              0.086791999638081               0.043880999088287 ,              0.093902997672558               -0.086487002670765             
              0.048519998788834 ,              0.095123000442982               -0.086487002670765               0.043880999088287 ,            
              0.09060700237751               0.086791999638081               0.051814999431372 ,              0.09060700237751             
              -0.086487002670765               0.051814999431372 ,              0.086121000349522               0.086791999638081             
              0.053036000579596 ,              0.086121000349522               -0.086487002670765               0.053036000579596 ,            
              0.081513002514839               0.086791999638081               0.051814999431372 ,              0.081513002514839             
              -0.086487002670765               0.051814999431372 ,              0.078216999769211               0.086791999638081             
              0.048519998788834 ,              0.078216999769211               -0.086487002670765               0.048519998788834 ,            
              0.077026002109051               0.086791999638081               0.043880999088287 ,              0.077026002109051             
              -0.086487002670765               0.043880999088287 ,              0.078216999769211               0.086791999638081             
              0.039425000548363 ,              0.078216999769211               -0.086487002670765               0.039425000548363 ,            
              0.081513002514839               0.086791999638081               0.036129999905825 ,              0.081513002514839             
              -0.086487002670765               0.036129999905825 ,              0.086121000349522               0.086791999638081             
              0.034908998757601 ,              0.086121000349522               -0.086487002670765               0.034908998757601 ,            
              0.09060700237751               0.086791999638081               0.036129999905825 ,              0.09060700237751             
              -0.086487002670765               0.036129999905825 ,              0.093902997672558               0.086791999638081             
              0.039425000548363 ,              0.093902997672558               -0.086487002670765               0.039425000548363 ,            
              0.093718998134136               0.086121000349522               0.048581000417471 ,              0.094910003244877             
              0.086121000349522               0.043880999088287 ,              0.093718998134136               -0.085877001285553             
              0.048581000417471 ,              0.094910003244877               -0.085877001285553               0.043880999088287 ,            
              0.090424001216888               0.086243003606796               0.051938001066446 ,              0.090424001216888             
              -0.085877001285553               0.051938001066446 ,              0.086121000349522               0.086243003606796             
              0.053096998482943 ,              0.086121000349522               -0.085877001285553               0.053096998482943 ,            
              0.081817999482155               0.086243003606796               0.051938001066446 ,              0.081817999482155             
              -0.085877001285553               0.051938001066446 ,              0.078521996736526               0.086121000349522             
              0.048581000417471 ,              0.078521996736526               -0.085877001285553               0.048581000417471 ,            
              0.077210001647472               0.086121000349522               0.043880999088287 ,              0.077210001647472             
              -0.085877001285553               0.043880999088287 ,              0.078521996736526               0.086121000349522             
              0.039303001016378 ,              0.078521996736526               -0.085877001285553               0.039303001016378 ,            
              0.081817999482155               0.086243003606796               0.03600699827075 ,              0.081817999482155             
              -0.085877001285553               0.03600699827075 ,              0.086121000349522               0.086243003606796             
              0.034786999225616 ,              0.086121000349522               -0.085877001285553               0.034786999225616 ,            
              0.090424001216888               0.086243003606796               0.03600699827075 ,              0.090424001216888             
              -0.085877001285553               0.03600699827075 ,              0.093718998134136               0.086121000349522             
              0.039303001016378 ,              0.093718998134136               -0.085877001285553               0.039303001016378 ,            
              0.094818003475666               -0.085753999650478               0.04882499948144 ,              0.096100002527237             
              -0.085753999650478               0.043880999088287 ,              0.094818003475666               0.086121000349522             
              0.04882499948144 ,              0.096100002527237               0.086121000349522               0.043880999088287 ,            
              0.091216996312141               -0.085693001747131               0.052303999662399 ,              0.091216996312141             
              0.085997998714447               0.052303999662399 ,              0.086121000349522               -0.085693001747131             
              0.05358500033617 ,              0.086121000349522               0.085997998714447               0.05358500033617 ,            
              0.081023998558521               -0.085693001747131               0.052303999662399 ,              0.081023998558521             
              0.085997998714447               0.052303999662399 ,              0.077422998845577               -0.085753999650478             
              0.04882499948144 ,              0.077422998845577               0.086121000349522               0.04882499948144 ,            
              0.076110996305943               -0.085753999650478               0.043880999088287 ,              0.076110996305943             
              0.086121000349522               0.043880999088287 ,              0.077422998845577               -0.085753999650478             
              0.039181001484394 ,              0.077422998845577               0.086121000349522               0.039181001484394 ,            
              0.081023998558521               -0.085693001747131               0.03558000177145 ,              0.081023998558521             
              0.085997998714447               0.03558000177145 ,              0.086121000349522               -0.085693001747131             
              0.034297998994589 ,              0.086121000349522               0.085997998714447               0.034297998994589 ,            
              0.091216996312141               -0.085693001747131               0.03558000177145 ,              0.091216996312141             
              0.085997998714447               0.03558000177145 ,              0.094818003475666               -0.085753999650478             
              0.039181001484394 ,              0.094818003475666               0.086121000349522               0.039181001484394 ,            
              -0.090790003538132               -0.049865998327732               0.050411999225616 ,              -0.08908099681139             
              -0.049865998327732               0.043880999088287 ,              -0.090790003538132               0.050232000648975             
              0.050411999225616 ,              -0.08908099681139               0.050232000648975               0.043880999088287 ,            
              -0.095490001142025               -0.049865998327732               0.05511099845171 ,              -0.095490001142025             
              0.050232000648975               0.05511099845171 ,              -0.10198999941349               -0.049865998327732             
              0.056820001453161 ,              -0.10198999941349               0.050232000648975               0.056820001453161 ,            
              -0.10839799791574               -0.049865998327732               0.05511099845171 ,              -0.10839799791574             
              0.050232000648975               0.05511099845171 ,              -0.11309800297022               -0.049865998327732             
              0.050411999225616 ,              -0.11309800297022               0.050232000648975               0.050411999225616 ,            
              -0.11477699875832               -0.049865998327732               0.043880999088287 ,              -0.11477699875832             
              0.050232000648975               0.043880999088287 ,              -0.11309800297022               -0.049865998327732             
              0.03753300011158 ,              -0.11309800297022               0.050232000648975               0.03753300011158 ,            
              -0.10839799791574               -0.049865998327732               0.032834000885487 ,              -0.10839799791574             
              0.050232000648975               0.032834000885487 ,              -0.10198999941349               -0.049865998327732             
              0.03112499974668 ,              -0.10198999941349               0.050232000648975               0.03112499974668 ,            
              -0.095490001142025               -0.049865998327732               0.032834000885487 ,              -0.095490001142025             
              0.050232000648975               0.032834000885487 ,              -0.090790003538132               -0.049865998327732             
              0.03753300011158 ,              -0.090790003538132               0.050232000648975               0.03753300011158 ,            
              -0.09179700165987               0.050232000648975               0.049922998994589 ,              -0.090178996324539             
              0.050232000648975               0.043880999088287 ,              -0.09179700165987               -0.049865998327732             
              0.049922998994589 ,              -0.090178996324539               -0.049865998327732               0.043880999088287 ,            
              -0.096100002527237               0.050232000648975               0.054196000099182 ,              -0.096100002527237             
              -0.049865998327732               0.054196000099182 ,              -0.10198999941349               0.050232000648975             
              0.055721998214722 ,              -0.10198999941349               -0.049865998327732               0.055721998214722 ,            
              -0.10778799653053               0.050232000648975               0.054196000099182 ,              -0.10778799653053             
              -0.049865998327732               0.054196000099182 ,              -0.11218299716711               0.050232000648975             
              0.049922998994589 ,              -0.11218299716711               -0.049865998327732               0.049922998994589 ,            
              -0.11367800086737               0.050232000648975               0.043880999088287 ,              -0.11367800086737             
              -0.049865998327732               0.043880999088287 ,              -0.11218299716711               0.050232000648975             
              0.038082998245955 ,              -0.11218299716711               -0.049865998327732               0.038082998245955 ,            
              -0.10778799653053               0.050232000648975               0.033688001334667 ,              -0.10778799653053             
              -0.049865998327732               0.033688001334667 ,              -0.10198999941349               0.050232000648975             
              0.032223001122475 ,              -0.10198999941349               -0.049865998327732               0.032223001122475 ,            
              -0.096100002527237               0.050232000648975               0.033688001334667 ,              -0.096100002527237             
              -0.049865998327732               0.033688001334667 ,              -0.09179700165987               0.050232000648975             
              0.038082998245955 ,              -0.09179700165987               -0.049865998327732               0.038082998245955 ,            
              -0.09179700165987               0.049499999731779               0.05010600015521 ,              -0.090178996324539             
              0.049499999731779               0.043880999088287 ,              -0.09179700165987               -0.049194000661373             
              0.05010600015521 ,              -0.090178996324539               -0.049194000661373               0.043880999088287 ,            
              -0.096190996468067               0.049621999263763               0.054501000791788 ,              -0.096190996468067             
              -0.049194000661373               0.054501000791788 ,              -0.10198999941349               0.049621999263763             
              0.056026998907328 ,              -0.10198999941349               -0.04925499856472               0.056026998907328 ,            
              -0.1076970025897               0.049621999263763               0.054501000791788 ,              -0.1076970025897             
              -0.049194000661373               0.054501000791788 ,              -0.1120909973979               0.049499999731779             
              0.05010600015521 ,              -0.1120909973979               -0.049194000661373               0.05010600015521 ,            
              -0.11367800086737               0.049499999731779               0.043880999088287 ,              -0.11367800086737             
              -0.049194000661373               0.043880999088287 ,              -0.1120909973979               0.049499999731779             
              0.037838000804186 ,              -0.1120909973979               -0.049194000661373               0.037838000804186 ,            
              -0.1076970025897               0.049621999263763               0.033383000642061 ,              -0.1076970025897             
              -0.049194000661373               0.033383000642061 ,              -0.10198999941349               0.049621999263763             
              0.031918000429869 ,              -0.10198999941349               -0.04925499856472               0.031918000429869 ,            
              -0.096190996468067               0.049621999263763               0.033383000642061 ,              -0.096190996468067             
              -0.049194000661373               0.033383000642061 ,              -0.09179700165987               0.049499999731779             
              0.037838000804186 ,              -0.09179700165987               -0.049194000661373               0.037838000804186 ,            
              -0.090880997478962               -0.049132999032736               0.05010600015521 ,              -0.089294001460075             
              -0.049132999032736               0.043880999088287 ,              -0.090880997478962               0.049377001821995             
              0.05010600015521 ,              -0.089294001460075               0.049377001821995               0.043880999088287 ,            
              -0.095490001142025               -0.049132999032736               0.054683998227119 ,              -0.095490001142025             
              0.049377001821995               0.054683998227119 ,              -0.10198999941349               -0.049132999032736             
              0.056331999599934 ,              -0.10198999941349               0.049377001821995               0.056331999599934 ,            
              -0.10839799791574               -0.049132999032736               0.054683998227119 ,              -0.10839799791574             
              0.049377001821995               0.054683998227119 ,              -0.11297599971294               -0.049132999032736             
              0.05010600015521 ,              -0.11297599971294               0.049377001821995               0.05010600015521 ,            
              -0.11468499898911               -0.049132999032736               0.043880999088287 ,              -0.11468499898911             
              0.049377001821995               0.043880999088287 ,              -0.11297599971294               -0.049132999032736             
              0.037838000804186 ,              -0.11297599971294               0.049377001821995               0.037838000804186 ,            
              -0.10839799791574               -0.049132999032736               0.033321999013424 ,              -0.10839799791574             
              0.049377001821995               0.033321999013424 ,              -0.10198999941349               -0.049132999032736             
              0.031612999737263 ,              -0.10198999941349               0.049377001821995               0.031612999737263 ,            
              -0.095490001142025               -0.049132999032736               0.033321999013424 ,              -0.095490001142025             
              0.049377001821995               0.033321999013424 ,              -0.090880997478962               -0.049132999032736             
              0.037838000804186 ,              -0.090880997478962               0.049377001821995               0.037838000804186 ,            
              0.088104002177715               0.011292000301182               0.050533998757601 ,              0.088104002177715             
              0.013000999577343               0.043880999088287 ,              -0.10080000013113               0.011292000301182             
              0.050533998757601 ,              -0.10080000013113               0.013000999577343               0.043880999088287 ,            
              0.088104002177715               0.0065310001373291               0.055234000086784 ,              -0.10080000013113             
              0.0065310001373291               0.055234000086784 ,              0.088104002177715               5.8774717541114e-39             
              0.056880999356508 ,              -0.10080000013113               5.8774717541114e-39               0.056880999356508 ,            
              0.088104002177715               -0.0065310001373291               0.055234000086784 ,              -0.10080000013113             
              -0.0065310001373291               0.055234000086784 ,              0.088104002177715               -0.011292000301182             
              0.050533998757601 ,              -0.10080000013113               -0.011292000301182               0.050533998757601 ,            
              0.088104002177715               -0.01312300004065               0.043880999088287 ,              -0.10080000013113             
              -0.01312300004065               0.043880999088287 ,              0.088104002177715               -0.011292000301182             
              0.037411000579596 ,              -0.10080000013113               -0.011292000301182               0.037411000579596 ,            
              0.088104002177715               -0.0065310001373291               0.032588999718428 ,              -0.10080000013113             
              -0.0065310001373291               0.032588999718428 ,              0.088104002177715               5.8774717541114e-39             
              0.030880000442266 ,              -0.10080000013113               5.8774717541114e-39               0.030880000442266 ,            
              0.088104002177715               0.0065310001373291               0.032588999718428 ,              -0.10080000013113             
              0.0065310001373291               0.032588999718428 ,              0.088104002177715               0.011292000301182             
              0.037411000579596 ,              -0.10080000013113               0.011292000301182               0.037411000579596 ,            
              -0.10080000013113               0.0099489996209741               0.049617998301983 ,              -0.10080000013113             
              0.011413999833167               0.043880999088287 ,              0.088104002177715               0.0099489996209741             
              0.049617998301983 ,              0.088104002177715               0.011413999833167               0.043880999088287 ,            
              -0.10080000013113               0.0056759999133646               0.053830001503229 ,              0.088104002177715             
              0.0056759999133646               0.053830001503229 ,              -0.10080000013113               5.8774717541114e-39             
              0.055293999612331 ,              0.088104002177715               5.8774717541114e-39               0.055293999612331 ,            
              -0.10080000013113               -0.0056759999133646               0.053830001503229 ,              0.088104002177715             
              -0.0056759999133646               0.053830001503229 ,              -0.10080000013113               -0.0098879998549819             
              0.049617998301983 ,              0.088104002177715               -0.0098879998549819               0.049617998301983 ,            
              -0.10080000013113               -0.011413999833167               0.043880999088287 ,              0.088104002177715             
              -0.011413999833167               0.043880999088287 ,              -0.10080000013113               -0.0098879998549819             
              0.038205001503229 ,              0.088104002177715               -0.0098879998549819               0.038205001503229 ,            
              -0.10080000013113               -0.0056759999133646               0.033992998301983 ,              0.088104002177715             
              -0.0056759999133646               0.033992998301983 ,              -0.10080000013113               5.8774717541114e-39             
              0.032528001815081 ,              0.088104002177715               5.8774717541114e-39               0.032528001815081 ,            
              -0.10080000013113               0.0056759999133646               0.033992998301983 ,              0.088104002177715             
              0.0056759999133646               0.033992998301983 ,              -0.10080000013113               0.0099489996209741             
              0.038205001503229 ,              0.088104002177715               0.0099489996209741               0.038205001503229 ,            
              -0.11297599971294               0.11529500037432               0.2316859960556 ,              -0.11297599971294             
              0.11700399965048               0.22539900243282 ,              0.097015000879765               0.11529500037432             
              0.2316859960556 ,              0.097015000879765               0.11700399965048               0.22539900243282 ,            
              -0.11297599971294               0.11059600114822               0.23638600111008 ,              0.097015000879765             
              0.11059600114822               0.23638600111008 ,              -0.11297599971294               0.10418699681759             
              0.23809500038624 ,              0.097015000879765               0.10418699681759               0.23809500038624 ,            
              -0.11297599971294               0.097900003194809               0.23638600111008 ,              0.097015000879765             
              0.097900003194809               0.23638600111008 ,              -0.11297599971294               0.093200996518135             
              0.2316859960556 ,              0.097015000879765               0.093200996518135               0.2316859960556 ,            
              -0.11297599971294               0.091491997241974               0.22539900243282 ,              0.097015000879765             
              0.091491997241974               0.22539900243282 ,              -0.11297599971294               0.093200996518135             
              0.21899099647999 ,              0.097015000879765               0.093200996518135               0.21899099647999 ,            
              -0.11297599971294               0.097900003194809               0.21429100632668 ,              0.097015000879765             
              0.097900003194809               0.21429100632668 ,              -0.11297599971294               0.10418699681759             
              0.21258200705051 ,              0.097015000879765               0.10418699681759               0.21258200705051 ,            
              -0.11297599971294               0.11059600114822               0.21429100632668 ,              0.097015000879765             
              0.11059600114822               0.21429100632668 ,              -0.11297599971294               0.11529500037432             
              0.21899099647999 ,              0.097015000879765               0.11529500037432               0.21899099647999 ,            
              0.096923999488354               0.11553999781609               0.23193000257015 ,              0.096923999488354             
              0.11731000244617               0.22539900243282 ,              -0.11288499832153               0.11553999781609             
              0.23193000257015 ,              -0.11288499832153               0.11731000244617               0.22539900243282 ,            
              0.096923999488354               0.11077900230885               0.23669099807739 ,              -0.11288499832153             
              0.11077900230885               0.23669099807739 ,              0.096923999488354               0.10418699681759             
              0.23852199316025 ,              -0.11288499832153               0.10418699681759               0.23852199316025 ,            
              0.096923999488354               0.097717002034187               0.23669099807739 ,              -0.11288499832153             
              0.097717002034187               0.23669099807739 ,              0.096923999488354               0.093018002808094             
              0.23193000257015 ,              -0.11288499832153               0.093018002808094               0.23193000257015 ,            
              0.096923999488354               0.091247998178005               0.22539900243282 ,              -0.11288499832153             
              0.091247998178005               0.22539900243282 ,              0.096923999488354               0.093018002808094             
              0.21893000602722 ,              -0.11288499832153               0.093018002808094               0.21893000602722 ,            
              0.096923999488354               0.097717002034187               0.21410800516605 ,              -0.11288499832153             
              0.097717002034187               0.21410800516605 ,              0.096923999488354               0.10418699681759             
              0.21233800053596 ,              -0.11288499832153               0.10418699681759               0.21233800053596 ,            
              0.096923999488354               0.11077900230885               0.21410800516605 ,              -0.11288499832153             
              0.11077900230885               0.21410800516605 ,              0.096923999488354               0.11553999781609             
              0.21893000602722 ,              -0.11288499832153               0.11553999781609               0.21893000602722 ,            
              -0.012481999583542               0.20660400390625               0.18465900421143 ,              0.062286000698805             
              0.13714599609375               0.22476600110531 ,              0.062286000698805               0.20660400390625             
              0.18465900421143 ,              -0.012481999583542               0.13714599609375               0.22476600110531 ,            
              -0.012481999583542               0.20062300562859               0.17425699532032 ,              0.062286000698805             
              0.13116499781609               0.21436400711536 ,              -0.012481999583542               0.13116499781609             
              0.21436400711536 ,              0.062286000698805               0.20062300562859               0.17425699532032 ,            
              -0.012481999583542               -0.20471200346947               0.18465900421143 ,              0.062286000698805             
              -0.13525399565697               0.22476600110531 ,              -0.012481999583542               -0.13525399565697             
              0.22476600110531 ,              0.062286000698805               -0.20471200346947               0.18465900421143 ,            
              -0.012481999583542               -0.198730006814               0.17425699532032 ,              0.062286000698805             
              -0.1292719990015               0.21436400711536 ,              0.062286000698805               -0.198730006814             
              0.17425699532032 ,              -0.012481999583542               -0.1292719990015               0.21436400711536 ,            
              0.074309997260571               -0.22052000463009               0.23807999491692 ,              0.074309997260571             
              -0.22119100391865               0.23479700088501 ,              -0.02474999986589               -0.22052000463009             
              0.23807999491692 ,              -0.02474999986589               -0.22119100391865               0.23479700088501 ,            
              0.074309997260571               -0.2230219990015               0.2320149987936 ,              -0.02474999986589             
              -0.2230219990015               0.2320149987936 ,              0.074309997260571               -0.22583000361919             
              0.23015500605106 ,              -0.02474999986589               -0.22583000361919               0.23015500605106 ,            
              0.074309997260571               -0.22912600636482               0.22950300574303 ,              -0.02474999986589             
              -0.22912600636482               0.22950300574303 ,              0.074309997260571               -0.23236100375652             
              0.23015500605106 ,              -0.02474999986589               -0.23236100375652               0.23015500605106 ,            
              0.074309997260571               -0.23516799509525               0.2320149987936 ,              -0.02474999986589             
              -0.23516799509525               0.2320149987936 ,              0.074309997260571               -0.23706099390984             
              0.23479700088501 ,              -0.02474999986589               -0.23706099390984               0.23479700088501 ,            
              0.074309997260571               -0.23767100274563               0.23807999491692 ,              -0.02474999986589             
              -0.23767100274563               0.23807999491692 ,              0.074309997260571               -0.23706099390984             
              0.24136300384998 ,              -0.02474999986589               -0.23706099390984               0.24136300384998 ,            
              0.074309997260571               -0.23516799509525               0.24414500594139 ,              -0.02474999986589             
              -0.23516799509525               0.24414500594139 ,              0.074309997260571               -0.23236100375652             
              0.24600499868393 ,              -0.02474999986589               -0.23236100375652               0.24600499868393 ,            
              0.074309997260571               -0.22912600636482               0.24665699899197 ,              -0.02474999986589             
              -0.22912600636482               0.24665699899197 ,              0.074309997260571               -0.22583000361919             
              0.24600499868393 ,              -0.02474999986589               -0.22583000361919               0.24600499868393 ,            
              0.074309997260571               -0.2230219990015               0.24414500594139 ,              -0.02474999986589             
              -0.2230219990015               0.24414500594139 ,              0.074309997260571               -0.22119100391865             
              0.24136300384998 ,              -0.02474999986589               -0.22119100391865               0.24136300384998 ,            
              0.071227997541428               -0.2355349957943               0.23807999491692 ,              0.071227997541428             
              -0.23364299535751               0.24260699748993 ,              0.071227997541428               -0.23504599928856             
              0.24052999913692 ,              0.071227997541428               -0.23156699538231               0.24399499595165 ,            
              0.071227997541428               -0.23504599928856               0.23563000559807 ,              0.071227997541428             
              -0.22912600636482               0.24448299407959 ,              0.071227997541428               -0.23364299535751             
              0.23355300724506 ,              0.071227997541428               -0.22668500244617               0.24399499595165 ,            
              0.071227997541428               -0.23156699538231               0.23216499388218 ,              0.071227997541428             
              -0.22460900247097               0.24260699748993 ,              0.071227997541428               -0.22912600636482             
              0.23167799413204 ,              0.071227997541428               -0.22320599853992               0.24052999913692 ,            
              0.071227997541428               -0.22668500244617               0.23216499388218 ,              0.071227997541428             
              -0.22271700203419               0.23807999491692 ,              0.071227997541428               -0.22460900247097             
              0.23355300724506 ,              0.071227997541428               -0.22320599853992               0.23563000559807 ,            
              -0.021666999906301               -0.23504599928856               0.23563000559807 ,              -0.021666999906301             
              -0.23156699538231               0.23216499388218 ,              -0.021666999906301               -0.23364299535751             
              0.23355300724506 ,              -0.021666999906301               -0.22912600636482               0.23167799413204 ,            
              -0.021666999906301               -0.2355349957943               0.23807999491692 ,              -0.021666999906301             
              -0.22668500244617               0.23216499388218 ,              -0.021666999906301               -0.23504599928856             
              0.24052999913692 ,              -0.021666999906301               -0.22460900247097               0.23355300724506 ,            
              -0.021666999906301               -0.23364299535751               0.24260699748993 ,              -0.021666999906301             
              -0.22320599853992               0.23563000559807 ,              -0.021666999906301               -0.23156699538231             
              0.24399499595165 ,              -0.021666999906301               -0.22271700203419               0.23807999491692 ,            
              -0.021666999906301               -0.22912600636482               0.24448299407959 ,              -0.021666999906301             
              -0.22320599853992               0.24052999913692 ,              -0.021666999906301               -0.22668500244617             
              0.24399499595165 ,              -0.021666999906301               -0.22460900247097               0.24260699748993 ,            
              0.074309997260571               -0.22460900247097               0.24260699748993 ,              0.074309997260571             
              -0.22668500244617               0.24399499595165 ,              0.074309997260571               -0.22320599853992             
              0.24052999913692 ,              0.074309997260571               -0.22271700203419               0.23807999491692 ,            
