% Intrinsic and Extrinsic Camera Parameters
%
% This script file can be directly excecuted under Matlab to recover the camera intrinsic and extrinsic parameters.
% IMPORTANT: This file contains neither the structure of the calibration objects nor the image coordinates of the calibration points.
%            All those complementary variables are saved in the complete matlab data file Calib_Results.mat.
% For more information regarding the calibration model visit http://www.vision.caltech.edu/bouguetj/calib_doc/


%-- Focal length:
fc = [ 1049.331752604831308 ; 1051.318476285322504 ];

%-- Principal point:
cc = [ 956.910516428015740 ; 533.452032441484675 ];

%-- Skew coefficient:
alpha_c = 0.000000000000000;

%-- Distortion coefficients:
kc = [ 0.026147836868708 ; -0.008281285819487 ; -0.000157005204226 ; 0.000147699131841 ; 0.000000000000000 ];

%-- Focal length uncertainty:
fc_error = [ 2.164397369394806 ; 2.020071561303139 ];

%-- Principal point uncertainty:
cc_error = [ 3.314956924207777 ; 2.697606587350414 ];

%-- Skew coefficient uncertainty:
alpha_c_error = 0.000000000000000;

%-- Distortion coefficients uncertainty:
kc_error = [ 0.005403085916854 ; 0.015403918092499 ; 0.000950699224682 ; 0.001181943171574 ; 0.000000000000000 ];

%-- Image size:
nx = 1920;
ny = 1080;


%-- Various other variables (may be ignored if you do not use the Matlab Calibration Toolbox):
%-- Those variables are used to control which intrinsic parameters should be optimized

n_ima = 25;						% Number of calibration images
est_fc = [ 1 ; 1 ];					% Estimation indicator of the two focal variables
est_aspect_ratio = 1;				% Estimation indicator of the aspect ratio fc(2)/fc(1)
center_optim = 1;					% Estimation indicator of the principal point
est_alpha = 0;						% Estimation indicator of the skew coefficient
est_dist = [ 1 ; 1 ; 1 ; 1 ; 0 ];	% Estimation indicator of the distortion coefficients


%-- Extrinsic parameters:
%-- The rotation (omc_kk) and the translation (Tc_kk) vectors for every calibration image and their uncertainties

%-- Image #1:
omc_1 = [ 2.202960e+00 ; 2.197474e+00 ; -5.069073e-02 ];
Tc_1  = [ -6.861925e+01 ; -4.433110e+01 ; 4.602744e+02 ];
omc_error_1 = [ 4.438003e-03 ; 3.994338e-03 ; 9.089849e-03 ];
Tc_error_1  = [ 1.460242e+00 ; 1.185961e+00 ; 1.198341e+00 ];

%-- Image #2:
omc_2 = [ 2.169868e+00 ; 2.169700e+00 ; -2.622853e-02 ];
Tc_2  = [ -6.642840e+01 ; 4.875852e+01 ; 4.641102e+02 ];
omc_error_2 = [ 4.434520e-03 ; 3.248348e-03 ; 8.049132e-03 ];
Tc_error_2  = [ 1.478198e+00 ; 1.212880e+00 ; 1.214408e+00 ];

%-- Image #3:
omc_3 = [ 2.192723e+00 ; 2.209966e+00 ; -7.620631e-02 ];
Tc_3  = [ -4.452654e+01 ; -1.757740e+02 ; 4.590299e+02 ];
omc_error_3 = [ 3.299557e-03 ; 3.895356e-03 ; 7.222882e-03 ];
Tc_error_3  = [ 1.506712e+00 ; 1.194186e+00 ; 1.174360e+00 ];

%-- Image #4:
omc_4 = [ -1.767854e+00 ; -1.795507e+00 ; 7.926180e-01 ];
Tc_4  = [ 7.804791e+00 ; -4.660158e+01 ; 4.598419e+02 ];
omc_error_4 = [ 2.652350e-03 ; 2.465372e-03 ; 3.995017e-03 ];
Tc_error_4  = [ 1.448374e+00 ; 1.170224e+00 ; 8.164098e-01 ];

%-- Image #5:
omc_5 = [ -1.795998e+00 ; -1.641567e+00 ; 1.128026e+00 ];
Tc_5  = [ 8.039732e+01 ; 7.181254e+01 ; 6.893335e+02 ];
omc_error_5 = [ 3.108133e-03 ; 2.867768e-03 ; 4.258475e-03 ];
Tc_error_5  = [ 2.191972e+00 ; 1.779407e+00 ; 1.340273e+00 ];

%-- Image #6:
omc_6 = [ -1.631372e+00 ; -1.699378e+00 ; 8.322798e-01 ];
Tc_6  = [ 1.283571e+02 ; -1.804463e+02 ; 6.541691e+02 ];
omc_error_6 = [ 3.227175e-03 ; 2.548748e-03 ; 4.656247e-03 ];
Tc_error_6  = [ 2.143544e+00 ; 1.707620e+00 ; 1.468374e+00 ];

%-- Image #7:
omc_7 = [ -1.840023e+00 ; -1.787261e+00 ; 8.306905e-01 ];
Tc_7  = [ -1.963991e+02 ; -1.161518e+02 ; 5.588720e+02 ];
omc_error_7 = [ 3.448233e-03 ; 2.270335e-03 ; 4.213794e-03 ];
Tc_error_7  = [ 1.854990e+00 ; 1.492925e+00 ; 1.275925e+00 ];

%-- Image #8:
omc_8 = [ -1.925588e+00 ; -1.736160e+00 ; 7.879876e-01 ];
Tc_8  = [ -2.316830e+02 ; 5.572010e+01 ; 6.124405e+02 ];
omc_error_8 = [ 3.234978e-03 ; 2.856582e-03 ; 4.127108e-03 ];
Tc_error_8  = [ 2.024127e+00 ; 1.645674e+00 ; 1.422828e+00 ];

%-- Image #9:
omc_9 = [ 1.478306e+00 ; 1.551365e+00 ; 8.245854e-01 ];
Tc_9  = [ -1.372189e+02 ; 1.319995e+01 ; 4.565304e+02 ];
omc_error_9 = [ 2.984823e-03 ; 2.401608e-03 ; 3.550600e-03 ];
Tc_error_9  = [ 1.494001e+00 ; 1.214735e+00 ; 1.267230e+00 ];

%-- Image #10:
omc_10 = [ 1.657822e+00 ; 1.699888e+00 ; 9.748017e-01 ];
Tc_10  = [ -1.353076e+02 ; -1.505123e+02 ; 4.839920e+02 ];
omc_error_10 = [ 2.918806e-03 ; 2.868417e-03 ; 4.154761e-03 ];
Tc_error_10  = [ 1.627651e+00 ; 1.278952e+00 ; 1.446913e+00 ];

%-- Image #11:
omc_11 = [ 1.772937e+00 ; 1.784525e+00 ; -1.068901e+00 ];
Tc_11  = [ -2.435434e+01 ; 1.307959e+02 ; 6.667026e+02 ];
omc_error_11 = [ 2.778721e-03 ; 3.134874e-03 ; 4.900250e-03 ];
Tc_error_11  = [ 2.128137e+00 ; 1.741326e+00 ; 1.344380e+00 ];

%-- Image #12:
omc_12 = [ 1.698975e+00 ; 1.748393e+00 ; -1.040236e+00 ];
Tc_12  = [ -7.185519e+01 ; 2.238607e+01 ; 4.366896e+02 ];
omc_error_12 = [ 1.907274e-03 ; 2.822541e-03 ; 3.827267e-03 ];
Tc_error_12  = [ 1.374720e+00 ; 1.125689e+00 ; 8.128016e-01 ];

%-- Image #13:
omc_13 = [ 1.771179e+00 ; 1.844485e+00 ; -8.241597e-01 ];
Tc_13  = [ -9.069430e+01 ; -1.342120e+02 ; 4.009462e+02 ];
omc_error_13 = [ 1.966179e-03 ; 3.195946e-03 ; 4.009448e-03 ];
Tc_error_13  = [ 1.309282e+00 ; 1.055813e+00 ; 9.006332e-01 ];

%-- Image #14:
omc_14 = [ 1.799739e+00 ; 1.928699e+00 ; -7.763162e-01 ];
Tc_14  = [ -3.480450e+01 ; -2.007386e+02 ; 6.217985e+02 ];
omc_error_14 = [ 2.374686e-03 ; 3.454598e-03 ; 4.530069e-03 ];
Tc_error_14  = [ 2.030607e+00 ; 1.630129e+00 ; 1.416577e+00 ];

%-- Image #15:
omc_15 = [ -1.843486e+00 ; -1.871092e+00 ; -6.140331e-01 ];
Tc_15  = [ -3.646634e+01 ; -1.342210e+02 ; 4.258273e+02 ];
omc_error_15 = [ 2.433629e-03 ; 3.305350e-03 ; 4.901773e-03 ];
Tc_error_15  = [ 1.388496e+00 ; 1.115506e+00 ; 1.186094e+00 ];

%-- Image #16:
omc_16 = [ -2.045907e+00 ; -2.092316e+00 ; -3.971899e-01 ];
Tc_16  = [ -3.085383e+01 ; 9.322973e+01 ; 4.762969e+02 ];
omc_error_16 = [ 1.983837e-03 ; 3.766296e-03 ; 5.476013e-03 ];
Tc_error_16  = [ 1.526927e+00 ; 1.264927e+00 ; 1.203447e+00 ];

%-- Image #17:
omc_17 = [ 2.313925e+00 ; 1.719195e+00 ; 7.979184e-01 ];
Tc_17  = [ -1.031271e+02 ; 4.333217e+00 ; 3.525250e+02 ];
omc_error_17 = [ 3.491974e-03 ; 1.630694e-03 ; 4.912060e-03 ];
Tc_error_17  = [ 1.135350e+00 ; 9.247679e-01 ; 9.847157e-01 ];

%-- Image #18:
omc_18 = [ -1.540378e+00 ; -2.339343e+00 ; 1.009332e+00 ];
Tc_18  = [ -1.944383e+01 ; -1.580762e+02 ; 4.881593e+02 ];
omc_error_18 = [ 3.393794e-03 ; 2.323783e-03 ; 4.359098e-03 ];
Tc_error_18  = [ 1.588551e+00 ; 1.266495e+00 ; 1.008348e+00 ];

%-- Image #19:
omc_19 = [ 1.968833e+00 ; 2.191134e+00 ; 1.764702e-01 ];
Tc_19  = [ -3.073802e+02 ; 1.944051e+01 ; 6.670492e+02 ];
omc_error_19 = [ 6.824173e-03 ; 8.027879e-03 ; 1.528145e-02 ];
Tc_error_19  = [ 2.163882e+00 ; 1.824133e+00 ; 2.293962e+00 ];

%-- Image #20:
omc_20 = [ 1.871938e+00 ; 1.442056e+00 ; -4.047301e-01 ];
Tc_20  = [ 9.312307e+00 ; 1.409648e+01 ; 4.588733e+02 ];
omc_error_20 = [ 2.667092e-03 ; 2.277651e-03 ; 4.004052e-03 ];
Tc_error_20  = [ 1.454838e+00 ; 1.168624e+00 ; 1.041492e+00 ];

%-- Image #21:
omc_21 = [ -2.224328e+00 ; -1.472850e+00 ; -3.517977e-01 ];
Tc_21  = [ -1.561136e+02 ; 4.877467e+01 ; 4.534359e+02 ];
omc_error_21 = [ 2.660549e-03 ; 2.673065e-03 ; 4.849124e-03 ];
Tc_error_21  = [ 1.442327e+00 ; 1.197576e+00 ; 1.204372e+00 ];

%-- Image #22:
omc_22 = [ 2.178544e+00 ; 2.155172e+00 ; -1.568332e-01 ];
Tc_22  = [ -6.930721e+01 ; -6.858664e+01 ; 3.107424e+02 ];
omc_error_22 = [ 2.472935e-03 ; 2.446908e-03 ; 5.104740e-03 ];
Tc_error_22  = [ 9.908831e-01 ; 7.971920e-01 ; 7.271834e-01 ];

%-- Image #23:
omc_23 = [ -2.050451e+00 ; -2.003553e+00 ; 7.009607e-01 ];
