WIDTH = 1920;
HEIGHT = 1080;
fx = 1515.10790918801 ;
fy = 1413.6272056284   ;
cx = 936.8153805277 ;
cy = 527.260345828645 ;
