WIDTH = 1920;
HEIGHT = 1080;
fx = 1687.77049851744   ;
fy = 1577.56403609168   ;
cx = 1156.42684871619  ;
cy =   691.26801883923  ;