% Intrinsic and Extrinsic Camera Parameters
%
% This script file can be directly excecuted under Matlab to recover the camera intrinsic and extrinsic parameters.
% IMPORTANT: This file contains neither the structure of the calibration objects nor the image coordinates of the calibration points.
%            All those complementary variables are saved in the complete matlab data file Calib_Results.mat.
% For more information regarding the calibration model visit http://www.vision.caltech.edu/bouguetj/calib_doc/


%-- Focal length:
fc = [ 364.457362485643273 ; 364.542810626989194 ];

%-- Principal point:
cc = [ 258.422487561914693 ; 202.487139940005989 ];

%-- Skew coefficient:
alpha_c = 0.000000000000000;

%-- Distortion coefficients:
kc = [ 0.098069182739161 ; -0.249308515140031 ; 0.000500420465085 ; 0.000529487524259 ; 0.000000000000000 ];

%-- Focal length uncertainty:
fc_error = [ 1.569282671152671 ; 1.461154863082004 ];

%-- Principal point uncertainty:
cc_error = [ 2.286222691982841 ; 1.902443125481905 ];

%-- Skew coefficient uncertainty:
alpha_c_error = 0.000000000000000;

%-- Distortion coefficients uncertainty:
kc_error = [ 0.012730833002324 ; 0.038827084194026 ; 0.001933599829770 ; 0.002380503971426 ; 0.000000000000000 ];

%-- Image size:
nx = 512;
ny = 424;


%-- Various other variables (may be ignored if you do not use the Matlab Calibration Toolbox):
%-- Those variables are used to control which intrinsic parameters should be optimized

n_ima = 25;						% Number of calibration images
est_fc = [ 1 ; 1 ];					% Estimation indicator of the two focal variables
est_aspect_ratio = 1;				% Estimation indicator of the aspect ratio fc(2)/fc(1)
center_optim = 1;					% Estimation indicator of the principal point
est_alpha = 0;						% Estimation indicator of the skew coefficient
est_dist = [ 1 ; 1 ; 1 ; 1 ; 0 ];	% Estimation indicator of the distortion coefficients


%-- Extrinsic parameters:
%-- The rotation (omc_kk) and the translation (Tc_kk) vectors for every calibration image and their uncertainties

%-- Image #1:
omc_1 = [ 2.193611e+00 ; 2.200845e+00 ; -4.576195e-02 ];
Tc_1  = [ -1.234411e+02 ; -4.709155e+01 ; 4.600854e+02 ];
omc_error_1 = [ 8.775021e-03 ; 8.970729e-03 ; 1.877410e-02 ];
Tc_error_1  = [ 2.894574e+00 ; 2.428630e+00 ; 2.484134e+00 ];

%-- Image #2:
omc_2 = [ 2.161755e+00 ; 2.176724e+00 ; 2.138533e-04 ];
Tc_2  = [ -1.217556e+02 ; 4.571952e+01 ; 4.629914e+02 ];
omc_error_2 = [ 9.267008e-03 ; 7.770165e-03 ; 1.727901e-02 ];
Tc_error_2  = [ 2.917895e+00 ; 2.482801e+00 ; 2.611022e+00 ];

%-- Image #3:
omc_3 = [ 2.184011e+00 ; 2.207056e+00 ; -6.576586e-02 ];
Tc_3  = [ -9.907348e+01 ; -1.779371e+02 ; 4.574875e+02 ];
omc_error_3 = [ 6.358043e-03 ; 8.443124e-03 ; 1.546307e-02 ];
Tc_error_3  = [ 2.967190e+00 ; 2.429719e+00 ; 2.505391e+00 ];

%-- Image #4:
omc_4 = [ -1.765621e+00 ; -1.804505e+00 ; 7.835853e-01 ];
Tc_4  = [ -4.729259e+01 ; -4.876517e+01 ; 4.603878e+02 ];
omc_error_4 = [ 5.574600e-03 ; 4.738548e-03 ; 7.854598e-03 ];
Tc_error_4  = [ 2.865591e+00 ; 2.387565e+00 ; 1.746998e+00 ];

%-- Image #5:
omc_5 = [ -1.794505e+00 ; -1.650699e+00 ; 1.118255e+00 ];
Tc_5  = [ 2.246822e+01 ; 6.858786e+01 ; 6.909926e+02 ];
omc_error_5 = [ 6.447035e-03 ; 5.631770e-03 ; 8.486496e-03 ];
Tc_error_5  = [ 4.347427e+00 ; 3.608563e+00 ; 2.855497e+00 ];

%-- Image #6:
omc_6 = [ -1.630709e+00 ; -1.711130e+00 ; 8.262073e-01 ];
Tc_6  = [ 7.293674e+01 ; -1.830975e+02 ; 6.553795e+02 ];
omc_error_6 = [ 6.608499e-03 ; 4.986275e-03 ; 9.348729e-03 ];
Tc_error_6  = [ 4.237226e+00 ; 3.423264e+00 ; 3.106789e+00 ];

%-- Image #7:
omc_7 = [ -1.835781e+00 ; -1.795854e+00 ; 8.206713e-01 ];
Tc_7  = [ -2.514751e+02 ; -1.202366e+02 ; 5.580439e+02 ];
omc_error_7 = [ 6.930861e-03 ; 4.543300e-03 ; 8.537981e-03 ];
Tc_error_7  = [ 3.688379e+00 ; 3.093838e+00 ; 2.851531e+00 ];

%-- Image #8:
omc_8 = [ -1.920860e+00 ; -1.745104e+00 ; 7.801835e-01 ];
Tc_8  = [ -2.883021e+02 ; 5.128736e+01 ; 6.130226e+02 ];
omc_error_8 = [ 6.785088e-03 ; 5.703768e-03 ; 8.278616e-03 ];
Tc_error_8  = [ 4.022748e+00 ; 3.408762e+00 ; 3.128122e+00 ];

%-- Image #9:
omc_9 = [ 1.472963e+00 ; 1.549410e+00 ; 8.382947e-01 ];
Tc_9  = [ -1.924841e+02 ; 1.001675e+01 ; 4.564329e+02 ];
omc_error_9 = [ 6.060419e-03 ; 4.978473e-03 ; 7.475045e-03 ];
Tc_error_9  = [ 2.976601e+00 ; 2.512547e+00 ; 2.777626e+00 ];

%-- Image #10:
omc_10 = [ 1.649406e+00 ; 1.699307e+00 ; 9.894497e-01 ];
Tc_10  = [ -1.893676e+02 ; -1.537309e+02 ; 4.832507e+02 ];
omc_error_10 = [ 6.066899e-03 ; 6.276239e-03 ; 8.631885e-03 ];
Tc_error_10  = [ 3.255438e+00 ; 2.649941e+00 ; 3.165594e+00 ];

%-- Image #11:
omc_11 = [ 1.771979e+00 ; 1.788691e+00 ; -1.053867e+00 ];
Tc_11  = [ -8.202553e+01 ; 1.271573e+02 ; 6.682802e+02 ];
omc_error_11 = [ 5.560995e-03 ; 6.614902e-03 ; 1.019336e-02 ];
Tc_error_11  = [ 4.215914e+00 ; 3.539628e+00 ; 2.871295e+00 ];

%-- Image #12:
omc_12 = [ 1.696889e+00 ; 1.746704e+00 ; -1.024906e+00 ];
Tc_12  = [ -1.272823e+02 ; 1.985923e+01 ; 4.364571e+02 ];
omc_error_12 = [ 3.644886e-03 ; 6.041900e-03 ; 7.876001e-03 ];
Tc_error_12  = [ 2.718029e+00 ; 2.331314e+00 ; 1.809258e+00 ];

%-- Image #13:
omc_13 = [ 1.766967e+00 ; 1.842174e+00 ; -8.145726e-01 ];
Tc_13  = [ -1.446038e+02 ; -1.363424e+02 ; 4.009453e+02 ];
omc_error_13 = [ 3.512720e-03 ; 6.527505e-03 ; 8.333649e-03 ];
Tc_error_13  = [ 2.596441e+00 ; 2.198535e+00 ; 2.010996e+00 ];

%-- Image #14:
omc_14 = [ 1.798529e+00 ; 1.931563e+00 ; -7.622635e-01 ];
Tc_14  = [ -9.013552e+01 ; -2.042297e+02 ; 6.215919e+02 ];
omc_error_14 = [ 4.603287e-03 ; 7.070639e-03 ; 9.212648e-03 ];
Tc_error_14  = [ 4.014266e+00 ; 3.320670e+00 ; 2.992250e+00 ];

%-- Image #15:
omc_15 = [ -1.834793e+00 ; -1.877006e+00 ; -6.245999e-01 ];
Tc_15  = [ -9.057263e+01 ; -1.364197e+02 ; 4.257483e+02 ];
omc_error_15 = [ 5.518081e-03 ; 6.742255e-03 ; 1.025767e-02 ];
Tc_error_15  = [ 2.749242e+00 ; 2.289956e+00 ; 2.494279e+00 ];

%-- Image #16:
omc_16 = [ -2.037901e+00 ; -2.098008e+00 ; -4.097712e-01 ];
Tc_16  = [ -8.679816e+01 ; 9.074709e+01 ; 4.776790e+02 ];
omc_error_16 = [ 4.634719e-03 ; 7.668948e-03 ; 1.133757e-02 ];
Tc_error_16  = [ 3.010444e+00 ; 2.573949e+00 ; 2.595159e+00 ];

%-- Image #17:
omc_17 = [ 2.306670e+00 ; 1.723779e+00 ; 8.144281e-01 ];
Tc_17  = [ -1.573938e+02 ; 2.065318e+00 ; 3.524776e+02 ];
omc_error_17 = [ 7.487134e-03 ; 4.025355e-03 ; 1.069347e-02 ];
Tc_error_17  = [ 2.255615e+00 ; 1.927014e+00 ; 2.215158e+00 ];

%-- Image #18:
omc_18 = [ -1.539937e+00 ; -2.348655e+00 ; 9.980149e-01 ];
Tc_18  = [ -7.405201e+01 ; -1.607804e+02 ; 4.880961e+02 ];
omc_error_18 = [ 6.675515e-03 ; 4.431504e-03 ; 8.739751e-03 ];
Tc_error_18  = [ 3.138617e+00 ; 2.587932e+00 ; 2.132385e+00 ];

%-- Image #19:
omc_19 = [ 1.959201e+00 ; 2.193128e+00 ; 1.854042e-01 ];
Tc_19  = [ -3.645716e+02 ; 1.422579e+01 ; 6.680939e+02 ];
omc_error_19 = [ 1.605808e-02 ; 1.917310e-02 ; 3.010406e-02 ];
Tc_error_19  = [ 4.250028e+00 ; 3.806247e+00 ; 4.704475e+00 ];

%-- Image #20:
omc_20 = [ 1.871165e+00 ; 1.441518e+00 ; -3.883544e-01 ];
Tc_20  = [ -4.622250e+01 ; 1.186417e+01 ; 4.591158e+02 ];
omc_error_20 = [ 5.333031e-03 ; 4.900241e-03 ; 8.474856e-03 ];
Tc_error_20  = [ 2.874383e+00 ; 2.390166e+00 ; 2.210268e+00 ];

%-- Image #21:
omc_21 = [ -2.214655e+00 ; -1.481347e+00 ; -3.598741e-01 ];
Tc_21  = [ -2.113739e+02 ; 4.539835e+01 ; 4.537015e+02 ];
omc_error_21 = [ 5.705840e-03 ; 5.253828e-03 ; 9.529776e-03 ];
Tc_error_21  = [ 2.866407e+00 ; 2.490252e+00 ; 2.611071e+00 ];

%-- Image #22:
omc_22 = [ 2.171042e+00 ; 2.157319e+00 ; -1.458365e-01 ];
Tc_22  = [ -1.232638e+02 ; -7.033797e+01 ; 3.108087e+02 ];
omc_error_22 = [ 4.513780e-03 ; 5.350247e-03 ; 1.039930e-02 ];
Tc_error_22  = [ 1.959838e+00 ; 1.653147e+00 ; 1.663352e+00 ];

%-- Image #23:
omc_23 = [ -2.048658e+00 ; -2.011666e+00 ; 6.867629e-01 ];
