[Walking Config]
x_offset                 =    0.000000
y_offset                 =   70.000000
z_offset                 =   55.000000
roll_offset              =    0.000000
pitch_offset             =    0.000000
yaw_offset               =    0.000000
hip_pitch_offset         =   11.000000
period_time              =  920.000000
dsp_ratio                =    0.300000
step_forward_back_ratio  =    0.320000
foot_height              =   55.000000
swing_right_left         =   32.000000
swing_top_down           =    8.000000
pelvis_offset            =    0.000000
arm_swing_gain           =    0.500000
balance_knee_gain        =    0.300000
balance_ankle_pitch_gain =    0.900000
balance_hip_roll_gain    =    0.500000
balance_ankle_roll_gain  =    1.000000
p_gain                   =   64
i_gain                   =    0
d_gain                   =    0

[Robot Config]
time_step                   = 8.0;
camera_width                = 320.0;
camera_height               = 240.0;

[Offset]
ID_01  =     0;
ID_02  =     0;
ID_03  =     0;
ID_04  =     0;
ID_05  =     0;
ID_06  =     0;
ID_07  =     0;
ID_08  =     0;
ID_09  =     0;
ID_10  =     0;
ID_11  =     0;
ID_12  =     0;
ID_13  =     0;
ID_14  =     0;
ID_15  =     0;
ID_16  =     0;
ID_17  =     0;
ID_18  =     0;
ID_19  =  -100;
ID_20  =   -10;
ID_21  =  1200;
ID_22  = -1200;
ID_23  =  -370;
ID_24  =   186;
ID_25  =   111;
ID_26  =   105;
ID_27  =     0;
ID_28  =     0;
ID_29  =     0;
ID_30  =     0;
